NSTACK =       1353860
NBUFFER =      3359584
MAXUSE_STACK =  0.1     

MAXUSE_CON   =  10      

MAXUSE_EFC   =  9.2     

WARNING

TIMER
    0:  duration = 4.21447   number = 8
    1:  duration = 4.17026   number = 8
    2:  duration = 0   number = 0
    3:  duration = 3.82894   number = 8
    4:  duration = 0.067541   number = 8
    5:  duration = 0   number = 0
    6:  duration = 0.017018   number = 8
    7:  duration = 0.243407   number = 8
    8:  duration = 0.084795   number = 8
    9:  duration = 0.061553   number = 8
    10:  duration = 3.53481   number = 8
    11:  duration = 0.14119   number = 8
    12:  duration = 0.001642   number = 8

SOLVER_ITER = 1
SOLVER_NNZ = 324
    0:  improvement = 0.0902122   gradient = 1.03004e-12   linseslope = 0
         nactive = 42   nchange = 0   neval = 2   nupdate = 0

SOLVER_FWDINV
   0         0        
  
NE =           6
NF =           0
NEFC =         42
NCON =         9
TIME =         33      
ENERGY =       0         0       

QPOS
   0.001    
   0.0062   
  -0.1      
   1        
   0.0016   
   4.2e-05  
   0.03     
   0.32     
   0.65     
  -1.1      
  -1.1      
   0.75     
   0.32     
   0.64     
  -0.94     
  -1.1      
   0.75     
  -0.019    
  -0.05     
  
QVEL
   1.3e-05  
   0.00017  
  -6.2e-06  
  -0.00079  
   0.0001   
   0.00041  
  -0.0009   
  -0.0011   
   0.0018   
   0.0014   
  -0.0012   
   0.0012   
   0.001    
   0.00094  
  -0.00049  
   0.00063  
   0.0001   
  -0.00033  
  
ACT
  
QACC_WARMSTART
   0.0024   
  -0.33     
   0.00094  
   1        
  -0.02     
  -0.074    
   0.52     
   0.7      
   0.95     
  -0.89     
   0.7      
  -0.33     
  -0.47     
  -1.5      
   0.63     
  -0.48     
   0.82     
   0.88     
  
CTRL
  
QFRC_APPLIED
   0        
   0        
   0        
   0        
   0        
   0        
   0        
   0        
   0        
   0        
   0        
   0        
   0        
   0        
   0        
   0        
   0        
   0        
   0        
  
XFRC_APPLIED
   0         0         0         0         0         0        
   0         0         0         0         0         0        
   0         0         0         0         0         0        
   0         0         0         0         0         0        
   0         0         0         0         0         0        
   0         0         0         0         0         0        
   0         0         0         0         0         0        
   0         0         0         0         0         0        
   0         0         0         0         0         0        
   0         0         0         0         0         0        
   0         0         0         0         0         0        
   0         0         0         0         0         0        
   0         0         0         0         0         0        
   0         0         0         0         0         0        
  
QACC
   0.0024   
  -0.33     
   0.00094  
   1        
  -0.02     
  -0.074    
   0.52     
   0.7      
   0.95     
  -0.89     
   0.7      
  -0.33     
  -0.47     
  -1.5      
   0.63     
  -0.48     
   0.82     
   0.88     
  
ACT_DOT
  
MOCAP_POS
  
MOCAP_QUAT
  
USERDATA
  
SENSOR
  
XPOS
   0         0         0        
   0.001     0.0062   -0.1      
  -0.1       0.05     -0.1      
  -0.12      0.14     -0.076    
  -0.12      0.059    -0.24     
  -0.097    -0.05     -0.1      
  -0.11     -0.13     -0.14     
   0.11     -0.038    -0.1      
   0.13     -0.12     -0.077    
   0.12     -0.046    -0.24     
   0.099     0.062    -0.1      
   0.11      0.14     -0.14     
  -0.067     0.0021   -0.1      
   0.069     0.01     -0.1      
  
XQUAT
   1         0         0         0        
   1         0.0016    4.2e-05   0.03     
   0.99     -0.16     -0.0047    0.029    
   0.99      0.16      0.0049    0.029    
   0.92     -0.38     -0.011     0.028    
   0.86      0.52      0.015     0.026    
   0.99      0.16      0.0049    0.029    
   0.99      0.16      0.0048    0.029    
   0.99     -0.16     -0.0048    0.029    
   0.95      0.3       0.0091    0.028    
   0.51      0.86      0.026     0.015    
  -0.99      0.16      0.0048   -0.029    
   1        -0.0075    0.0012    0.028    
   0.023     1         0.026    -0.003    
  
XMAT
   1         0         0         0         1         0         0         0         1        
   1        -0.06      0.00018   0.06      1        -0.0032    1.2e-05   0.0032    1        
   1        -0.057    -0.019     0.06      0.95      0.31      1.2e-05  -0.31      0.95     
   1        -0.056     0.019     0.06      0.94     -0.32      1.2e-05   0.32      0.95     
   1        -0.042    -0.042     0.06      0.7       0.71      1.2e-05  -0.71      0.7      
   1        -0.028     0.053     0.06      0.47     -0.88      1.2e-05   0.88      0.47     
   1        -0.056     0.019     0.06      0.94     -0.32      1.2e-05   0.32      0.95     
   1        -0.057     0.019     0.06      0.95     -0.31      1.2e-05   0.31      0.95     
   1        -0.057    -0.019     0.06      0.95      0.31      1.2e-05  -0.31      0.95     
   1        -0.049     0.035     0.06      0.81     -0.58      1.2e-05   0.58      0.81     
   1         0.029     0.052     0.06     -0.48     -0.88      1.2e-05   0.88     -0.48     
   1        -0.057    -0.019     0.06      0.95      0.32      1.2e-05  -0.32      0.95     
   1        -0.057     0.0019    0.057     1         0.015    -0.0027   -0.015     1        
   1         0.053    -0.0048    0.052    -1        -0.046    -0.0072    0.045    -1        
  
XIPOS
   0         0         0        
   0.001     0.0063   -0.12     
  -0.11      0.073    -0.093    
  -0.14      0.083    -0.19     
  -0.11      0.06     -0.24     
  -0.098    -0.071    -0.11     
  -0.13     -0.052    -0.18     
   0.11     -0.061    -0.094    
   0.14     -0.07     -0.19     
   0.11     -0.046    -0.24     
   0.1       0.083    -0.11     
   0.14      0.065    -0.18     
  -0.067     0.0021   -0.1      
   0.069     0.01     -0.1      
  
XIMAT
   1         0         0         0         1         0         0         0         1        
   1         0.00019   0.06      0.06     -0.0033   -1         1e-05     1        -0.0033   
   0.99      0.015     0.12      0.12     -0.26     -0.96      0.016     0.97     -0.26     
   1        -0.054     0.058     0.024     0.9       0.43     -0.075    -0.43      0.9      
   1        -0.049    -0.035     0.06      0.81      0.58      1.2e-05  -0.58      0.81     
   1         0.029    -0.01      0.0053   -0.48     -0.88     -0.03      0.87     -0.48     
   0.95     -0.027     0.3       0.28      0.45     -0.85     -0.11      0.89      0.44     
   0.99     -0.015     0.12      0.12      0.25     -0.96     -0.016     0.97      0.25     
   1        -0.054    -0.057     0.023     0.9      -0.44      0.075     0.44      0.9      
   1        -0.059    -0.0074    0.06      0.99      0.12      1.2e-05  -0.12      0.99     
   1         0.028     0.0096    0.0049   -0.47      0.88      0.029    -0.88     -0.47     
   0.95     -0.027    -0.3       0.28      0.46      0.84      0.12     -0.89      0.45     
   1        -0.057     0.0019    0.057     1         0.015    -0.0027   -0.015     1        
   1         0.053    -0.0048    0.052    -1        -0.046    -0.0072    0.045    -1        
  
XANCHOR
   0.001     0.0062   -0.1      
  -0.1       0.05     -0.1      
  -0.12      0.14     -0.076    
  -0.12      0.059    -0.24     
  -0.097    -0.05     -0.1      
  -0.11     -0.13     -0.14     
   0.11     -0.038    -0.1      
   0.13     -0.12     -0.077    
   0.12     -0.046    -0.24     
   0.099     0.062    -0.1      
   0.11      0.14     -0.14     
  -0.067     0.0021   -0.1      
   0.069     0.01     -0.1      
  
XAXIS
   0         0         1        
  -1        -0.06     -1.2e-05  
   1         0.06      1.2e-05  
   1         0.06      1.2e-05  
  -1        -0.06     -1.2e-05  
  -1        -0.06     -1.2e-05  
   1         0.06      1.2e-05  
  -1        -0.06     -1.2e-05  
  -1        -0.06     -1.2e-05  
   1         0.06      1.2e-05  
   1         0.06      1.2e-05  
   0.99     -0.09      0.15     
   0.99     -0.09      0.15     
  
GEOM_XPOS
   0         0        -0.3      
   0.001     0.0062   -0.1      
   0.001     0.0062   -0.1      
  -0.11      0.069    -0.095    
  -0.11      0.069    -0.095    
  -0.14      0.077    -0.2      
  -0.14      0.077    -0.2      
  -0.12      0.059    -0.24     
  -0.12      0.059    -0.24     
  -0.098    -0.067    -0.11     
  -0.098    -0.067    -0.11     
  -0.13     -0.053    -0.18     
  -0.13     -0.053    -0.18     
   0.11     -0.056    -0.095    
   0.11     -0.056    -0.095    
   0.14     -0.063    -0.2      
   0.14     -0.063    -0.2      
   0.12     -0.046    -0.24     
   0.12     -0.046    -0.24     
   0.1       0.079    -0.11     
   0.1       0.079    -0.11     
   0.14      0.066    -0.18     
   0.14      0.066    -0.18     
  -0.067     0.0021   -0.1      
  -0.067     0.0021   -0.1      
   0.069     0.01     -0.1      
   0.069     0.01     -0.1      
  
GEOM_XMAT
   1         0         0         0         1         0         0         0         1        
   1         0.00011   0.06      0.06     -0.0018   -1         3.8e-06   1        -0.0018   
   1         0.00011   0.06      0.06     -0.0018   -1         3.8e-06   1        -0.0018   
   0.99      0.015     0.11      0.11     -0.26     -0.96      0.014     0.97     -0.26     
   0.99      0.015     0.11      0.11     -0.26     -0.96      0.014     0.97     -0.26     
   1        -0.054     0.056     0.024     0.9       0.43     -0.074    -0.43      0.9      
   1        -0.054     0.056     0.024     0.9       0.43     -0.074    -0.43      0.9      
   1        -0.05     -0.032     0.06      0.84      0.54      1.2e-05  -0.54      0.84     
   1        -0.05     -0.032     0.06      0.84      0.54      1.2e-05  -0.54      0.84     
   1         0.029    -0.002     0.012    -0.48     -0.88     -0.026     0.87     -0.48     
   1         0.029    -0.002     0.012    -0.48     -0.88     -0.026     0.87     -0.48     
   0.96     -0.026     0.27      0.26      0.45     -0.85     -0.1       0.89      0.44     
   0.96     -0.026     0.27      0.26      0.45     -0.85     -0.1       0.89      0.44     
   0.99     -0.015     0.11      0.11      0.25     -0.96     -0.014     0.97      0.25     
   0.99     -0.015     0.11      0.11      0.25     -0.96     -0.014     0.97      0.25     
   1        -0.054    -0.056     0.024     0.9      -0.44      0.074     0.44      0.9      
   1        -0.054    -0.056     0.024     0.9      -0.44      0.074     0.44      0.9      
   1         0.059     0.01      0.06     -0.98     -0.17      1.2e-05   0.17     -0.99     
   1         0.059     0.01      0.06     -0.98     -0.17      1.2e-05   0.17     -0.99     
   1         0.028     0.0016    0.012    -0.47      0.88      0.026    -0.88     -0.47     
   1         0.028     0.0016    0.012    -0.47      0.88      0.026    -0.88     -0.47     
   0.96     -0.027    -0.27      0.25      0.46      0.85      0.1      -0.89      0.45     
   0.96     -0.027    -0.27      0.25      0.46      0.85      0.1      -0.89      0.45     
   1         0.0019    0.057     0.057     0.015    -1        -0.0027    1         0.015    
   1         0.0019    0.057     0.057     0.015    -1        -0.0027    1         0.015    
   1        -0.015    -0.051     0.052     0.14      0.99     -0.0072   -0.99      0.14     
   1        -0.015    -0.051     0.052     0.14      0.99     -0.0072   -0.99      0.14     
  
SITE_XPOS
  
SITE_XMAT
  
CAM_XPOS
  
CAM_XMAT
  
LIGHT_XPOS
   0         0         4        
  
LIGHT_XDIR
   0         0        -1        
  
SUBTREE_COM
   0.001     0.0063   -0.13     
   0.001     0.0063   -0.13     
  -0.12      0.068    -0.2      
  -0.12      0.067    -0.22     
  -0.11      0.06     -0.24     
  -0.12     -0.061    -0.15     
  -0.13     -0.052    -0.18     
   0.12     -0.054    -0.2      
   0.12     -0.053    -0.22     
   0.11     -0.046    -0.24     
   0.12      0.074    -0.15     
   0.14      0.065    -0.18     
  -0.067     0.0021   -0.1      
   0.069     0.01     -0.1      
  
CDOF
   0         0         0         1         0         0        
   0         0         0         0         1         0        
   0         0         0         0         0         1        
   1         0.06      1.2e-05  -0.002     0.034     0.00014  
  -0.06      1         0.0032   -0.034    -0.002    -5.2e-08  
   0.00018  -0.0032    1        -2.7e-05  -2e-06    -1.5e-09  
  -1        -0.06     -1.2e-05   0.002    -0.034     0.05     
   1         0.06      1.2e-05  -0.0034    0.057    -0.14     
   1         0.06      1.2e-05   0.0063   -0.11     -0.06     
  -1        -0.06     -1.2e-05   0.002    -0.034    -0.05     
  -1        -0.06     -1.2e-05  -0.00058   0.0098   -0.13     
   1         0.06      1.2e-05  -0.002     0.034     0.05     
  -1        -0.06     -1.2e-05   0.0034   -0.057    -0.14     
  -1        -0.06     -1.2e-05  -0.0063    0.11     -0.059    
   1         0.06      1.2e-05  -0.002     0.034    -0.05     
   1         0.06      1.2e-05   0.0005   -0.0084   -0.13     
   0.99     -0.09      0.15      0.0025    0.043     0.01     
   0.99     -0.09      0.15      0.0036    0.024    -0.01     
  
CINERT
   0         0         0         0         0         0         0         0         0         0        
   0.097     0.045     0.056     0.0031    2.4e-06  -3.3e-05   3e-05    -0.00053   0.098     7.2      
   0.00082   0.0015    0.0019    0.00079   0.00047  -0.00032  -0.012     0.0072    0.0044    0.11     
   0.0024    0.0045    0.0047    0.0019   -0.0013    0.00044  -0.025     0.014    -0.0094    0.18     
   0.0068    0.01      0.007     0.0025   -0.0049    0.0023   -0.047     0.022    -0.043     0.41     
   0.00086   0.0012    0.0018   -0.00082   0.00024   0.00014  -0.011    -0.0083    0.0024    0.11     
   0.001     0.0024    0.0027   -0.00077  -0.0008   -0.00018  -0.015    -0.0064   -0.0055    0.11     
   0.00082   0.0015    0.0019    0.00079  -0.00047   0.00032   0.012    -0.0072    0.0043    0.11     
   0.0024    0.0045    0.0047    0.0019    0.0013   -0.00044   0.025    -0.014    -0.0094    0.18     
   0.0067    0.01      0.0069    0.0025    0.0049   -0.0023    0.047    -0.021    -0.043     0.41     
   0.00086   0.0012    0.0018   -0.00082  -0.00024  -0.00014   0.011     0.0083    0.0025    0.11     
   0.001     0.0024    0.0027   -0.00078   0.00079   0.00018   0.015     0.0065   -0.0055    0.11     
   0.0025    0.0016    0.0015    5.1e-05   0.00014   8.8e-06  -0.0043   -0.00027   0.0022    0.063    
   0.0025    0.0016    0.0015    4.6e-05  -0.00015  -8.9e-06   0.0043    0.00025   0.0022    0.063    
  
TEN_LENGTH
  
TEN_MOMENT
  
ACTUATOR_LENGTH
  
ACTUATOR_MOMENT
  
CRB
   0         0         0         0         0         0         0         0         0         0        
   0.13      0.089     0.095     0.01     -2e-05     7.1e-06   1.4e-17   0        -6.9e-18   9.2      
   0.01      0.016     0.014     0.0052   -0.0058    0.0024   -0.083     0.043    -0.048     0.7      
   0.0092    0.015     0.012     0.0044   -0.0062    0.0027   -0.071     0.036    -0.053     0.59     
   0.0068    0.01      0.007     0.0025   -0.0049    0.0023   -0.047     0.022    -0.043     0.41     
   0.0019    0.0036    0.0045   -0.0016   -0.00057  -4.4e-05  -0.026    -0.015    -0.0032    0.22     
   0.001     0.0024    0.0027   -0.00077  -0.0008   -0.00018  -0.015    -0.0064   -0.0055    0.11     
   0.01      0.016     0.013     0.0051    0.0058   -0.0024    0.083    -0.042    -0.048     0.7      
   0.0092    0.015     0.012     0.0043    0.0062   -0.0027    0.071    -0.035    -0.053     0.59     
   0.0067    0.01      0.0069    0.0025    0.0049   -0.0023    0.047    -0.021    -0.043     0.41     
   0.0019    0.0036    0.0046   -0.0016    0.00055   3.5e-05   0.026     0.015    -0.003     0.22     
   0.001     0.0024    0.0027   -0.00078   0.00079   0.00018   0.015     0.0065   -0.0055    0.11     
   0.0025    0.0016    0.0015    5.1e-05   0.00014   8.8e-06  -0.0043   -0.00027   0.0022    0.063    
   0.0025    0.0016    0.0015    4.6e-05  -0.00015  -8.9e-06   0.0043    0.00025   0.0022    0.063    
  
QM
   9.2       0         0        -0.019    -0.31     -0.00025   0.0043   -0.0052    4.3e-19   0.00063   0.00027  -0.0043    0.0051    0        -0.00063  -0.00027   0         0        
   0         9.2       0         0.31     -0.019    -1.8e-05  -0.072     0.086    -6.9e-18  -0.011    -0.0044    0.072    -0.086    -6.9e-18   0.01      0.0045    0        -4.3e-19  
   0         0         9.2       0.0013   -4.8e-07  -1.3e-08  -0.013    -0.041     0         0.0022   -0.0088   -0.012    -0.042     0         0.0023   -0.0087    0        -1.1e-19  
  -0.019     0.31      0.0013    0.15      0.008    -4.6e-05  -0.012     0.01      0.001    -0.0015   -0.00031   0.012    -0.01     -0.001     0.0015    0.00031   0.0024    0.0024   
  -0.31     -0.019    -4.8e-07   0.008     0.11      4.2e-05  -0.0015   -0.0048   -2.8e-19   0.00016  -0.0013    0.0015    0.0048   -9.4e-20  -0.00016   0.0013   -0.00018  -0.00019  
  -0.00025  -1.8e-05  -1.3e-08  -4.6e-05   4.2e-05   0.11      0.0083   -0.01      4.2e-19   0.0015    0.00067   0.0083   -0.01     -4.2e-19   0.0015    0.00067   0.00017   0.00017  
   0.0043   -0.072    -0.013    -0.012    -0.0015    0.0083    0.022    -0.012    -0.001     0         0         0         0         0         0         0         0         0        
  -0.0052    0.086    -0.041     0.01     -0.0048   -0.01     -0.012     0.028     0.001     0         0         0         0         0         0         0         0         0        
   4.3e-19  -6.9e-18   0         0.001    -2.8e-19   4.2e-19  -0.001     0.001     0.011     0         0         0         0         0         0         0         0         0        
   0.00063  -0.011     0.0022   -0.0015    0.00016   0.0015    0         0         0         0.011     0.00075   0         0         0         0         0         0         0        
   0.00027  -0.0044   -0.0088   -0.00031  -0.0013    0.00067   0         0         0         0.00075   0.011     0         0         0         0         0         0         0        
  -0.0043    0.072    -0.012     0.012     0.0015    0.0083    0         0         0         0         0         0.022    -0.012    -0.001     0         0         0         0        
   0.0051   -0.086    -0.042    -0.01      0.0048   -0.01      0         0         0         0         0        -0.012     0.028     0.001     0         0         0         0        
   0        -6.9e-18   0        -0.001    -9.4e-20  -4.2e-19   0         0         0         0         0        -0.001     0.001     0.011     0         0         0         0        
  -0.00063   0.01      0.0023    0.0015   -0.00016   0.0015    0         0         0         0         0         0         0         0         0.011     0.00075   0         0        
  -0.00027   0.0045   -0.0087    0.00031   0.0013    0.00067   0         0         0         0         0         0         0         0         0.00075   0.011     0         0        
   0         0         0         0.0024   -0.00018   0.00017   0         0         0         0         0         0         0         0         0         0         0.012     0        
   0        -4.3e-19  -1.1e-19   0.0024   -0.00019   0.00017   0         0         0         0         0         0         0         0         0         0         0         0.012    
  
QLD
   8.3       0.0011    2.1e-05   0.089    -3        -0.0027    0.12     -0.19      3.9e-17   0.054     0.024    -0.13      0.19      0        -0.054    -0.024     0         0        
   0.0011    8.1      -0.0004    1.6      -0.044     0.0013   -2.1       3.1      -6.3e-16  -0.9      -0.4       2.1      -3.1      -6.3e-16   0.9       0.4       0        -3.5e-17  
   2.1e-05  -0.0004    8.9       0.0059    0.00049  -0.15     -1.9      -1.5       0         0.25     -0.78     -1.9      -1.5       0         0.26     -0.78      0        -8.8e-18  
   0.089     1.6       0.0059    0.13      0.078    -0.00084  -0.48      0.37      0.095    -0.13     -0.028     0.48     -0.36     -0.095     0.13      0.028     0.19      0.19     
  -3        -0.044     0.00049   0.078     0.1       0.00061  -0.22     -0.17     -2.6e-17   0.022    -0.12      0.22      0.17     -8.5e-18  -0.022     0.12     -0.015    -0.015    
  -0.0027    0.0013   -0.15     -0.00084   0.00061   0.096     0.24     -0.36      3.8e-17   0.13      0.059     0.24     -0.36     -3.8e-17   0.12      0.059     0.014     0.014    
   0.12     -2.1      -1.9      -0.48     -0.22      0.24      0.016    -0.44     -0.095     0         0         0         0         0         0         0         0         0        
  -0.19      3.1      -1.5       0.37     -0.17     -0.36     -0.44      0.028     0.095     0         0         0         0         0         0         0         0         0        
   3.9e-17  -6.3e-16   0         0.095    -2.6e-17   3.8e-17  -0.095     0.095     0.011     0         0         0         0         0         0         0         0         0        
   0.054    -0.9       0.25     -0.13      0.022     0.13      0         0         0         0.011     0.067     0         0         0         0         0         0         0        
   0.024    -0.4      -0.78     -0.028    -0.12      0.059     0         0         0         0.067     0.011     0         0         0         0         0         0         0        
  -0.13      2.1      -1.9       0.48      0.22      0.24      0         0         0         0         0         0.016    -0.44     -0.095     0         0         0         0        
   0.19     -3.1      -1.5      -0.36      0.17     -0.36      0         0         0         0         0        -0.44      0.028     0.095     0         0         0         0        
   0        -6.3e-16   0        -0.095    -8.5e-18  -3.8e-17   0         0         0         0         0        -0.095     0.095     0.011     0         0         0         0        
  -0.054     0.9       0.26      0.13     -0.022     0.12      0         0         0         0         0         0         0         0         0.011     0.067     0         0        
  -0.024     0.4      -0.78      0.028     0.12      0.059     0         0         0         0         0         0         0         0         0.067     0.011     0         0        
   0         0         0         0.19     -0.015     0.014     0         0         0         0         0         0         0         0         0         0         0.012     0        
   0        -3.5e-17  -8.8e-18   0.19     -0.015     0.014     0         0         0         0         0         0         0         0         0         0         0         0.012    
  
QLDIAGINV
   0.12     
   0.12     
   0.11     
   7.7      
   9.6      
   10       
   61       
   36       
   91       
   88       
   89       
   62       
   36       
   91       
   88       
   89       
   81       
   81       
  
QLDIAGSQRTINV
   0.35     
   0.35     
   0.33     
   2.8      
   3.1      
   3.2      
   7.8      
   6        
   9.5      
   9.4      
   9.4      
   7.8      
   6        
   9.5      
   9.4      
   9.4      
   9        
   9        
  
CONTACT
  0:
     dim           3
     geom          0 8
     exclude       0
     efc_address   6
     solref        0.02      1       
     solimp        0.9       0.95      0.001     0.5       2       
     dist          0.00098
     includemargin 0.00100
     pos           -0.13009 0.06093 -0.29951
     frame         0.00000 0.00000 1.00000   0.00000 1.00000 0.00000   -1.00000 0.00000 0.00000
     friction      0.60000 0.60000 0.30000 0.30000 0.30000
     mu            0.60000
  1:
     dim           3
     geom          0 8
     exclude       0
     efc_address   10
     solref        0.02      1       
     solimp        0.9       0.95      0.001     0.5       2       
     dist          0.00098
     includemargin 0.00100
     pos           -0.10184 0.05765 -0.29951
     frame         0.00000 0.00000 1.00000   0.00000 1.00000 0.00000   -1.00000 0.00000 0.00000
     friction      0.60000 0.60000 0.30000 0.30000 0.30000
     mu            0.60000
  2:
     dim           3
     geom          0 8
     exclude       0
     efc_address   14
     solref        0.02      1       
     solimp        0.9       0.95      0.001     0.5       2       
     dist          0.00098
     includemargin 0.00100
     pos           -0.10214 0.06260 -0.29951
     frame         0.00000 0.00000 1.00000   0.00000 1.00000 0.00000   -1.00000 0.00000 0.00000
     friction      0.60000 0.60000 0.30000 0.30000 0.30000
     mu            0.60000
  3:
     dim           3
     geom          0 18
     exclude       0
     efc_address   18
     solref        0.02      1       
     solimp        0.9       0.95      0.001     0.5       2       
     dist          0.00098
     includemargin 0.00100
     pos           0.10379 -0.04394 -0.29951
     frame         0.00000 0.00000 1.00000   0.00000 1.00000 0.00000   -1.00000 0.00000 0.00000
     friction      0.60000 0.60000 0.30000 0.30000 0.30000
     mu            0.60000
  4:
     dim           3
     geom          0 18
     exclude       0
     efc_address   22
     solref        0.02      1       
     solimp        0.9       0.95      0.001     0.5       2       
     dist          0.00098
     includemargin 0.00100
     pos           0.13174 -0.04227 -0.29951
     frame         0.00000 0.00000 1.00000   0.00000 1.00000 0.00000   -1.00000 0.00000 0.00000
     friction      0.60000 0.60000 0.30000 0.30000 0.30000
     mu            0.60000
  5:
     dim           3
     geom          0 24
     exclude       0
     efc_address   26
     solref        0.02      1       
     solimp        0.9       0.95      0.001     0.5       2       
     dist          0.00093
     includemargin 0.00100
     pos           -0.06687 0.01019 -0.29953
     frame         0.00000 0.00000 1.00000   0.00000 1.00000 0.00000   -1.00000 0.00000 0.00000
     friction      0.60000 0.60000 0.30000 0.30000 0.30000
     mu            0.60000
  6:
     dim           3
     geom          0 26
     exclude       0
     efc_address   30
     solref        0.02      1       
     solimp        0.9       0.95      0.001     0.5       2       
     dist          0.00093
     includemargin 0.00100
     pos           0.06804 0.01826 -0.29953
     frame         0.00000 0.00000 1.00000   0.00000 1.00000 0.00000   -1.00000 0.00000 0.00000
     friction      0.60000 0.60000 0.30000 0.30000 0.30000
     mu            0.60000
  7:
     dim           3
     geom          6 12
     exclude       0
     efc_address   34
     solref        0.02      1       
     solimp        0.9       0.95      0.001     0.5       2       
     dist          0.00093
     includemargin 0.00100
     pos           -0.14252 0.01815 -0.21638
     frame         -0.95202 -0.28534 0.11067   -0.28343 0.95843 0.03295   -0.11548 0.00000 -0.99331
     friction      0.60000 0.60000 0.30000 0.30000 0.30000
     mu            0.60000
  8:
     dim           3
     geom          16 22
     exclude       0
     efc_address   38
     solref        0.02      1       
     solimp        0.9       0.95      0.001     0.5       2       
     dist          0.00093
     includemargin 0.00100
     pos           0.14447 -0.00453 -0.21625
     frame         0.95229 0.28231 0.11593   -0.28024 0.95932 -0.03411   -0.12084 0.00000 0.99267
     friction      0.60000 0.60000 0.30000 0.30000 0.30000
     mu            0.60000

EFC_TYPE
  0 
  0 
  0 
  0 
  0 
  0 
  6 
  6 
  6 
  6 
  6 
  6 
  6 
  6 
  6 
  6 
  6 
  6 
  6 
  6 
  6 
  6 
  6 
  6 
  6 
  6 
  6 
  6 
  6 
  6 
  6 
  6 
  6 
  6 
  6 
  6 
  6 
  6 
  6 
  6 
  6 
  6 
  
EFC_ID
  0 
  0 
  0 
  1 
  1 
  1 
  0 
  0 
  0 
  0 
  1 
  1 
  1 
  1 
  2 
  2 
  2 
  2 
  3 
  3 
  3 
  3 
  4 
  4 
  4 
  4 
  5 
  5 
  5 
  5 
  6 
  6 
  6 
  6 
  7 
  7 
  7 
  7 
  8 
  8 
  8 
  8 
  
EFC_J
   0         0         0         1.1e-06   1.9e-05  -9.2e-06  -1.3       1.3       0         1.3       1.3       0         0         0         0         0         0         0        
   0         0         0        -1.9e-05   1.1e-06  -5.5e-07   22       -22        0        -22       -22        0         0         0         0         0         0         0        
   0         0         0         9.1e-06   2.2e-10  -1.1e-10  -11        11        0         11        11        0         0         0         0         0         0         0        
   0         0         0        -9.6e-07  -1.6e-05  -7.6e-06   0         0         0         0         0        -1.3       1.3       0         1.3       1.3       0         0        
   0         0         0         1.6e-05  -9.6e-07  -4.5e-07   0         0         0         0         0         21       -21        0        -21       -21        0         0        
   0         0         0         7.7e-06  -1.9e-10  -9e-11     0         0         0         0         0         11       -11        0        -11       -11        0         0        
   0         0.6       1         0.18      0.12     -0.079    -0.13      0.059     0.039     0         0         0         0         0         0         0         0         0        
   0        -0.6       1        -0.057     0.14      0.078     0.11     -0.21     -0.034     0         0         0         0         0         0         0         0         0        
  -0.6       0         1         0.07      0.25      0.032    -0.02     -0.067     0.0046    0         0         0         0         0         0         0         0         0        
   0.6       0         1         0.055     0.0078   -0.033    -0.0053   -0.082     0.00031   0         0         0         0         0         0         0         0         0        
   0         0.6       1         0.18      0.092    -0.062    -0.13      0.054     0.034     0         0         0         0         0         0         0         0         0        
   0        -0.6       1        -0.062     0.11      0.061     0.11     -0.21     -0.039     0         0         0         0         0         0         0         0         0        
  -0.6       0         1         0.065     0.22      0.03     -0.015    -0.071    -0.00032   0         0         0         0         0         0         0         0         0        
   0.6       0         1         0.05     -0.02     -0.031    -0.00033  -0.087    -0.0046    0         0         0         0         0         0         0         0         0        
   0         0.6       1         0.18      0.092    -0.062    -0.13      0.059     0.039     0         0         0         0         0         0         0         0         0        
   0        -0.6       1        -0.057     0.11      0.062     0.11     -0.21     -0.034     0         0         0         0         0         0         0         0         0        
  -0.6       0         1         0.07      0.22      0.033    -0.02     -0.067     0.0046    0         0         0         0         0         0         0         0         0        
   0.6       0         1         0.055    -0.02     -0.034    -0.0053   -0.082     0.00031   0         0         0         0         0         0         0         0         0        
   0         0.6       1         0.063    -0.11      0.062     0         0         0         0         0         0.11     -0.21     -0.039     0         0         0         0        
   0        -0.6       1        -0.18     -0.093    -0.061     0         0         0         0         0        -0.13      0.052     0.034     0         0         0         0        
  -0.6       0         1        -0.049     0.02     -0.03      0         0         0         0         0         0.00095  -0.089    -0.0046    0         0         0         0        
   0.6       0         1        -0.063    -0.22      0.031     0         0         0         0         0        -0.013    -0.073    -0.00031   0         0         0         0        
   0         0.6       1         0.063    -0.13      0.079     0         0         0         0         0         0.11     -0.21     -0.039     0         0         0         0        
   0        -0.6       1        -0.18     -0.12     -0.078     0         0         0         0         0        -0.13      0.052     0.034     0         0         0         0        
  -0.6       0         1        -0.049    -0.008    -0.029     0         0         0         0         0         0.00095  -0.089    -0.0046    0         0         0         0        
   0.6       0         1        -0.063    -0.25      0.03      0         0         0         0         0        -0.013    -0.073    -0.00031   0         0         0         0        
   0         0.6       1         0.13      0.06     -0.041     0         0         0         0         0         0         0         0         0         0         0.13      0        
   0        -0.6       1        -0.11      0.075     0.04      0         0         0         0         0         0         0         0         0         0        -0.11      0        
  -0.6       0         1         0.015     0.19      0.0018    0         0         0         0         0         0         0         0         0         0        -0.0022    0        
   0.6       0         1         0.00088  -0.052    -0.0022    0         0         0         0         0         0         0         0         0         0         0.018     0        
   0         0.6       1         0.13     -0.075     0.04      0         0         0         0         0         0         0         0         0         0         0         0.13     
   0        -0.6       1        -0.11     -0.061    -0.04      0         0         0         0         0         0         0         0         0         0         0        -0.11     
  -0.6       0         1         0.015     0.052     0.0071    0         0         0         0         0         0         0         0         0         0         0        -0.0023   
   0.6       0         1         0.00088  -0.19     -0.0066    0         0         0         0         0         0         0         0         0         0         0         0.018    
   0         0         0         0         0         0         0.038    -0.035     0        -0.051    -0.045     0         0         0         0         0         0         0        
   0         0         0         0         0         0        -0.098     0.12      0         0.088     0.046     0         0         0         0         0         0         0        
   0         0         0         0         0         0        -0.012    -0.025     0         0.06      0.089     0         0         0         0         0         0         0        
   0         0         0         0         0         0        -0.048     0.11      0        -0.023    -0.089     0         0         0         0         0         0         0        
   0         0         0         0         0         0         0         0         0         0         0        -0.097     0.12      0         0.088     0.046     0         0        
   0         0         0         0         0         0         0         0         0         0         0         0.038    -0.034     0        -0.051    -0.047     0         0        
   0         0         0         0         0         0         0         0         0         0         0        -0.049     0.12      0        -0.023    -0.089     0         0        
   0         0         0         0         0         0         0         0         0         0         0        -0.011    -0.026     0         0.059     0.088     0         0        
  
EFC_AR
   0         0         0         0         0         0         0         0         0         0         0         0         0         0         0         0         0         0         0         0         0         0         0         0         0         0         0         0         0         0         0         0         0         0         0         0         0         0         0         0         0         0        
   0         0         0         0         0         0         0         0         0         0         0         0         0         0         0         0         0         0         0         0         0         0         0         0         0         0         0         0         0         0         0         0         0         0         0         0         0         0         0         0         0         0        
   0         0         0         0         0         0         0         0         0         0         0         0         0         0         0         0         0         0         0         0         0         0         0         0         0         0         0         0         0         0         0         0         0         0         0         0         0         0         0         0         0         0        
   0         0         0         0         0         0         0         0         0         0         0         0         0         0         0         0         0         0         0         0         0         0         0         0         0         0         0         0         0         0         0         0         0         0         0         0         0         0         0         0         0         0        
   0         0         0         0         0         0         0         0         0         0         0         0         0         0         0         0         0         0         0         0         0         0         0         0         0         0         0         0         0         0         0         0         0         0         0         0         0         0         0         0         0         0        
   0         0         0         0         0         0         0         0         0         0         0         0         0         0         0         0         0         0         0         0         0         0         0         0         0         0         0         0         0         0         0         0         0         0         0         0         0         0         0         0         0         0        
   0         0         0         0         0         0         0         0         0         0         0         0         0         0         0         0         0         0         0         0         0         0         0         0         0         0         0         0         0         0         0         0         0         0         0         0         0         0         0         0         0         0        
   0         0         0         0         0         0         0         0         0         0         0         0         0         0         0         0         0         0         0         0         0         0         0         0         0         0         0         0         0         0         0         0         0         0         0         0         0         0         0         0         0         0        
   0         0         0         0         0         0         0         0         0         0         0         0         0         0         0         0         0         0         0         0         0         0         0         0         0         0         0         0         0         0         0         0         0         0         0         0         0         0         0         0         0         0        
   0         0         0         0         0         0         0         0         0         0         0         0         0         0         0         0         0         0         0         0         0         0         0         0         0         0         0         0         0         0         0         0         0         0         0         0         0         0         0         0         0         0        
   0         0         0         0         0         0         0         0         0         0         0         0         0         0         0         0         0         0         0         0         0         0         0         0         0         0         0         0         0         0         0         0         0         0         0         0         0         0         0         0         0         0        
   0         0         0         0         0         0         0         0         0         0         0         0         0         0         0         0         0         0         0         0         0         0         0         0         0         0         0         0         0         0         0         0         0         0         0         0         0         0         0         0         0         0        
   0         0         0         0         0         0         0         0         0         0         0         0         0         0         0         0         0         0         0         0         0         0         0         0         0         0         0         0         0         0         0         0         0         0         0         0         0         0         0         0         0         0        
   0         0         0         0         0         0         0         0         0         0         0         0         0         0         0         0         0         0         0         0         0         0         0         0         0         0         0         0         0         0         0         0         0         0         0         0         0         0         0         0         0         0        
   0         0         0         0         0         0         0         0         0         0         0         0         0         0         0         0         0         0         0         0         0         0         0         0         0         0         0         0         0         0         0         0         0         0         0         0         0         0         0         0         0         0        
   0         0         0         0         0         0         0         0         0         0         0         0         0         0         0         0         0         0         0         0         0         0         0         0         0         0         0         0         0         0         0         0         0         0         0         0         0         0         0         0         0         0        
   0         0         0         0         0         0         0         0         0         0         0         0         0         0         0         0         0         0         0         0         0         0         0         0         0         0         0         0         0         0         0         0         0         0         0         0         0         0         0         0         0         0        
   0         0         0         0         0         0         0         0         0         0         0         0         0         0         0         0         0         0         0         0         0         0         0         0         0         0         0         0         0         0         0         0         0         0         0         0         0         0         0         0         0         0        
   0         0         0         0         0         0         0         0         0         0         0         0         0         0         0         0         0         0         0         0         0         0         0         0         0         0         0         0         0         0         0         0         0         0         0         0         0         0         0         0         0         0        
   0         0         0         0         0         0         0         0         0         0         0         0         0         0         0         0         0         0         0         0         0         0         0         0         0         0         0         0         0         0         0         0         0         0         0         0         0         0         0         0         0         0        
   0         0         0         0         0         0         0         0         0         0         0         0         0         0         0         0         0         0         0         0         0         0         0         0         0         0         0         0         0         0         0         0         0         0         0         0         0         0         0         0         0         0        
   0         0         0         0         0         0         0         0         0         0         0         0         0         0         0         0         0         0         0         0         0         0         0         0         0         0         0         0         0         0         0         0         0         0         0         0         0         0         0         0         0         0        
   0         0         0         0         0         0         0         0         0         0         0         0         0         0         0         0         0         0         0         0         0         0         0         0         0         0         0         0         0         0         0         0         0         0         0         0         0         0         0         0         0         0        
   0         0         0         0         0         0         0         0         0         0         0         0         0         0         0         0         0         0         0         0         0         0         0         0         0         0         0         0         0         0         0         0         0         0         0         0         0         0         0         0         0         0        
   0         0         0         0         0         0         0         0         0         0         0         0         0         0         0         0         0         0         0         0         0         0         0         0         0         0         0         0         0         0         0         0         0         0         0         0         0         0         0         0         0         0        
   0         0         0         0         0         0         0         0         0         0         0         0         0         0         0         0         0         0         0         0         0         0         0         0         0         0         0         0         0         0         0         0         0         0         0         0         0         0         0         0         0         0        
   0         0         0         0         0         0         0         0         0         0         0         0         0         0         0         0         0         0         0         0         0         0         0         0         0         0         0         0         0         0         0         0         0         0         0         0         0         0         0         0         0         0        
   0         0         0         0         0         0         0         0         0         0         0         0         0         0         0         0         0         0         0         0         0         0         0         0         0         0         0         0         0         0         0         0         0         0         0         0         0         0         0         0         0         0        
   0         0         0         0         0         0         0         0         0         0         0         0         0         0         0         0         0         0         0         0         0         0         0         0         0         0         0         0         0         0         0         0         0         0         0         0         0         0         0         0         0         0        
   0         0         0         0         0         0         0         0         0         0         0         0         0         0         0         0         0         0         0         0         0         0         0         0         0         0         0         0         0         0         0         0         0         0         0         0         0         0         0         0         0         0        
   0         0         0         0         0         0         0         0         0         0         0         0         0         0         0         0         0         0         0         0         0         0         0         0         0         0         0         0         0         0         0         0         0         0         0         0         0         0         0         0         0         0        
   0         0         0         0         0         0         0         0         0         0         0         0         0         0         0         0         0         0         0         0         0         0         0         0         0         0         0         0         0         0         0         0         0         0         0         0         0         0         0         0         0         0        
   0         0         0         0         0         0         0         0         0         0         0         0         0         0         0         0         0         0         0         0         0         0         0         0         0         0         0         0         0         0         0         0         0         0         0         0         0         0         0         0         0         0        
   0         0         0         0         0         0         0         0         0         0         0         0         0         0         0         0         0         0         0         0         0         0         0         0         0         0         0         0         0         0         0         0         0         0         0         0         0         0         0         0         0         0        
   0         0         0         0         0         0         0         0         0         0         0         0         0         0         0         0         0         0         0         0         0         0         0         0         0         0         0         0         0         0         0         0         0         0         0         0         0         0         0         0         0         0        
   0         0         0         0         0         0         0         0         0         0         0         0         0         0         0         0         0         0         0         0         0         0         0         0         0         0         0         0         0         0         0         0         0         0         0         0         0         0         0         0         0         0        
   0         0         0         0         0         0         0         0         0         0         0         0         0         0         0         0         0         0         0         0         0         0         0         0         0         0         0         0         0         0         0         0         0         0         0         0         0         0         0         0         0         0        
   0         0         0         0         0         0         0         0         0         0         0         0         0         0         0         0         0         0         0         0         0         0         0         0         0         0         0         0         0         0         0         0         0         0         0         0         0         0         0         0         0         0        
   0         0         0         0         0         0         0         0         0         0         0         0         0         0         0         0         0         0         0         0         0         0         0         0         0         0         0         0         0         0         0         0         0         0         0         0         0         0         0         0         0         0        
   0         0         0         0         0         0         0         0         0         0         0         0         0         0         0         0         0         0         0         0         0         0         0         0         0         0         0         0         0         0         0         0         0         0         0         0         0         0         0         0         0         0        
   0         0         0         0         0         0         0         0         0         0         0         0         0         0         0         0         0         0         0         0         0         0         0         0         0         0         0         0         0         0         0         0         0         0         0         0         0         0         0         0         0         0        
   0         0         0         0         0         0         0         0         0         0         0         0         0         0         0         0         0         0         0         0         0         0         0         0         0         0         0         0         0         0         0         0         0         0         0         0         0         0         0         0         0         0        
  
EFC_POS
  -5.5e-07  
   9.1e-06  
   1.9e-05  
  -4.6e-07  
   7.6e-06  
  -1.6e-05  
   0.00098  
   0.00098  
   0.00098  
   0.00098  
   0.00098  
   0.00098  
   0.00098  
   0.00098  
   0.00098  
   0.00098  
   0.00098  
   0.00098  
   0.00098  
   0.00098  
   0.00098  
   0.00098  
   0.00098  
   0.00098  
   0.00098  
   0.00098  
   0.00093  
   0.00093  
   0.00093  
   0.00093  
   0.00093  
   0.00093  
   0.00093  
   0.00093  
   0.00093  
   0.00093  
   0.00093  
   0.00093  
   0.00093  
   0.00093  
   0.00093  
   0.00093  
  
EFC_MARGIN
   0        
   0        
   0        
   0        
   0        
   0        
   0.001    
   0.001    
   0.001    
   0.001    
   0.001    
   0.001    
   0.001    
   0.001    
   0.001    
   0.001    
   0.001    
   0.001    
   0.001    
   0.001    
   0.001    
   0.001    
   0.001    
   0.001    
   0.001    
   0.001    
   0.001    
   0.001    
   0.001    
   0.001    
   0.001    
   0.001    
   0.001    
   0.001    
   0.001    
   0.001    
   0.001    
   0.001    
   0.001    
   0.001    
   0.001    
   0.001    
  
EFC_FRICTIONLOSS
   0        
   0        
   0        
   0        
   0        
   0        
   0        
   0        
   0        
   0        
   0        
   0        
   0        
   0        
   0        
   0        
   0        
   0        
   0        
   0        
   0        
   0        
   0        
   0        
   0        
   0        
   0        
   0        
   0        
   0        
   0        
   0        
   0        
   0        
   0        
   0        
   0        
   0        
   0        
   0        
   0        
   0        
  
EFC_DIAGAPPROX
   0.89     
   0.89     
   0.89     
   0.89     
   0.89     
   0.89     
   0.55     
   0.55     
   0.55     
   0.55     
   0.55     
   0.55     
   0.55     
   0.55     
   0.55     
   0.55     
   0.55     
   0.55     
   0.55     
   0.55     
   0.55     
   0.55     
   0.55     
   0.55     
   0.55     
   0.55     
   0.15     
   0.15     
   0.15     
   0.15     
   0.15     
   0.15     
   0.15     
   0.15     
   0.87     
   0.87     
   0.87     
   0.87     
   0.87     
   0.87     
   0.87     
   0.87     
  
EFC_KBIP
   2.8e+03   1.1e+02   0.9       4.2      
   2.8e+03   1.1e+02   0.9       4.2      
   2.8e+03   1.1e+02   0.9       4.2      
   2.8e+03   1.1e+02   0.9       3.5      
   2.8e+03   1.1e+02   0.9       3.5      
   2.8e+03   1.1e+02   0.9       3.5      
   2.8e+03   1.1e+02   0.9      -3.4      
   2.8e+03   1.1e+02   0.9      -3.4      
   2.8e+03   1.1e+02   0.9      -3.4      
   2.8e+03   1.1e+02   0.9      -3.4      
   2.8e+03   1.1e+02   0.9      -3.4      
   2.8e+03   1.1e+02   0.9      -3.4      
   2.8e+03   1.1e+02   0.9      -3.4      
   2.8e+03   1.1e+02   0.9      -3.4      
   2.8e+03   1.1e+02   0.9      -3.4      
   2.8e+03   1.1e+02   0.9      -3.4      
   2.8e+03   1.1e+02   0.9      -3.4      
   2.8e+03   1.1e+02   0.9      -3.4      
   2.8e+03   1.1e+02   0.9      -3.1      
   2.8e+03   1.1e+02   0.9      -3.1      
   2.8e+03   1.1e+02   0.9      -3.1      
   2.8e+03   1.1e+02   0.9      -3.1      
   2.8e+03   1.1e+02   0.9      -3.1      
   2.8e+03   1.1e+02   0.9      -3.1      
   2.8e+03   1.1e+02   0.9      -3.1      
   2.8e+03   1.1e+02   0.9      -3.1      
   2.8e+03   1.1e+02   0.9      -13       
   2.8e+03   1.1e+02   0.9      -13       
   2.8e+03   1.1e+02   0.9      -13       
   2.8e+03   1.1e+02   0.9      -13       
   2.8e+03   1.1e+02   0.9      -13       
   2.8e+03   1.1e+02   0.9      -13       
   2.8e+03   1.1e+02   0.9      -13       
   2.8e+03   1.1e+02   0.9      -13       
   2.8e+03   1.1e+02   0.9      -14       
   2.8e+03   1.1e+02   0.9      -14       
   2.8e+03   1.1e+02   0.9      -14       
   2.8e+03   1.1e+02   0.9      -14       
   2.8e+03   1.1e+02   0.9      -14       
   2.8e+03   1.1e+02   0.9      -14       
   2.8e+03   1.1e+02   0.9      -14       
   2.8e+03   1.1e+02   0.9      -14       
  
EFC_D
   10       
   10       
   10       
   10       
   10       
   10       
   16       
   16       
   16       
   16       
   16       
   16       
   16       
   16       
   16       
   16       
   16       
   16       
   16       
   16       
   16       
   16       
   16       
   16       
   16       
   16       
   62       
   62       
   62       
   62       
   62       
   62       
   62       
   62       
   10       
   10       
   10       
   10       
   10       
   10       
   10       
   10       
  
EFC_R
   0.098    
   0.098    
   0.098    
   0.098    
   0.098    
   0.098    
   0.061    
   0.061    
   0.061    
   0.061    
   0.061    
   0.061    
   0.061    
   0.061    
   0.061    
   0.061    
   0.061    
   0.061    
   0.061    
   0.061    
   0.061    
   0.061    
   0.061    
   0.061    
   0.061    
   0.061    
   0.016    
   0.016    
   0.016    
   0.016    
   0.016    
   0.016    
   0.016    
   0.016    
   0.096    
   0.096    
   0.096    
   0.096    
   0.096    
   0.096    
   0.096    
   0.096    
  
TEN_VELOCITY
  
ACTUATOR_VELOCITY
  
CVEL
   0         0         0         0         0         0        
  -0.0029   -3.3e-05   0.00056   9e-06     0.00074  -8.4e-06  
  -0.00095   8.3e-05   0.00056   5.1e-06   0.0008   -0.00011  
  -0.0035   -6.6e-05   0.00056   1.4e-05   0.00066   0.00024  
  -0.0036   -7.3e-05   0.00056   1.3e-05   0.00067   0.00024  
  -0.006    -0.00022   0.00056   1.5e-05   0.00063  -0.00017  
  -0.0035   -6.6e-05   0.00056   1.7e-05   0.00061   0.00017  
  -0.0011    7.5e-05   0.00056   5.4e-06   0.0008    8.2e-05  
  -0.003    -4.1e-05   0.00056   1.2e-05   0.00069  -0.00019  
  -0.007    -0.00028   0.00056  -1.3e-05   0.0011   -0.00042  
  -0.0046   -0.00014   0.00056   1.3e-05   0.00068   7.8e-05  
  -0.003    -4.1e-05   0.00056   1.3e-05   0.00067  -0.00013  
  -0.0044    0.00011   0.00033   5.3e-06   0.00067  -2.4e-05  
  -0.0049    0.00016   0.00025   1.4e-06   0.00069   1.2e-05  
  
CDOF_DOT
   0         0         0         0         0         0        
   0         0         0         0         0         0        
   0         0         0         0         0         0        
   0         0         0         4.9e-07  -8e-06    -0.00083  
   0        -0         0         1.1e-05   4.5e-07   5.8e-05  
   0         0        -0         0.00084  -8e-06    -1.8e-07  
   3.3e-05  -0.00055   0.00014   1.7e-05   0.00015   0.00083  
  -3.3e-05   0.00055  -0.00014  -3.7e-05  -0.00024  -0.00086  
  -3.3e-05   0.00055  -0.00014   4.8e-05   3.4e-05  -0.0003   
   3.3e-05  -0.00055   0.00014   2e-05    -0.00014   0.00083  
   3.3e-05  -0.00055   0.00014   1.3e-05  -0.00061   0.00057  
  -3.3e-05   0.00055  -0.00014  -2e-05     0.00014  -0.00083  
   3.3e-05  -0.00055   0.00014   2.6e-05  -0.00023   0.00086  
   3.3e-05  -0.00055   0.00014  -6.7e-05   3.6e-06   0.00037  
  -3.3e-05   0.00055  -0.00014  -1.7e-05  -0.00015  -0.00083  
  -3.3e-05   0.00055  -0.00014   1.8e-05  -0.00052  -0.00064  
   4.5e-05   0.00097   0.00029   8.2e-05   2.1e-05  -0.00085  
   4.5e-05   0.00097   0.00029   9.4e-05  -3.6e-05  -0.0008   
  
QFRC_BIAS
   6.6e-07  
   2.7e-07  
   90       
   0.012    
  -4.8e-06  
  -2.2e-07  
  -0.13     
  -0.4      
   2.8e-15  
   0.022    
  -0.086    
  -0.12     
  -0.41     
   1.1e-15  
   0.023    
  -0.086    
   3.5e-10  
   3.3e-10  
  
QFRC_PASSIVE
  -8e-08    
  -8.4e-06  
   8.1e-08  
   2.9e-05  
  -1.4e-06  
  -5.6e-06  
   1.9e-05  
   2.5e-05  
   1e-06    
  -3.1e-05  
   2.6e-05  
  -1.8e-05  
  -2e-05    
  -4e-05    
   1.7e-05  
  -1.6e-05  
   1.5e-05  
   2.1e-05  
  
EFC_VEL
   4.7e-07  
  -7.8e-06  
  -9.4e-05  
   1.3e-07  
  -2.3e-06  
  -7.1e-05  
   4.6e-05  
   3.5e-05  
   4.4e-05  
   3.7e-05  
   6.9e-05  
   3.9e-05  
   5.6e-05  
   5.2e-05  
   5.1e-05  
   2.1e-05  
   4e-05    
   3.3e-05  
  -3.8e-05  
  -4e-05    
  -7.6e-05  
  -2.2e-06  
  -3.2e-05  
  -5.3e-05  
  -7.9e-05  
  -6.7e-06  
  -8.1e-05  
   1.4e-05  
  -2.6e-05  
  -4.2e-05  
  -0.00012  
   1.1e-05  
  -4.1e-05  
  -7.3e-05  
  -2.9e-05  
   3.7e-05  
   4.7e-05  
  -3.8e-05  
  -1.3e-05  
   1.6e-05  
   3.7e-05  
  -3.3e-05  
  
EFC_AREF
   0.0013   
  -0.022    
  -0.037    
   0.0011   
  -0.019    
   0.047    
   0.038    
   0.039    
   0.038    
   0.039    
   0.035    
   0.038    
   0.036    
   0.037    
   0.037    
   0.04     
   0.038    
   0.039    
   0.043    
   0.043    
   0.047    
   0.039    
   0.042    
   0.044    
   0.046    
   0.039    
   0.18     
   0.17     
   0.17     
   0.17     
   0.18     
   0.16     
   0.17     
   0.17     
   0.18     
   0.17     
   0.17     
   0.18     
   0.17     
   0.17     
   0.17     
   0.17     
  
SUBTREE_LINVEL
   0         0         0        
   0         0         0        
   0         0         0        
   0         0         0        
   0         0         0        
   0         0         0        
   0         0         0        
   0         0         0        
   0         0         0        
   0         0         0        
   0         0         0        
   0         0         0        
   0         0         0        
   0         0         0        
  
SUBTREE_ANGMOM
   0         0         0        
   0         0         0        
   0         0         0        
   0         0         0        
   0         0         0        
   0         0         0        
   0         0         0        
   0         0         0        
   0         0         0        
   0         0         0        
   0         0         0        
   0         0         0        
   0         0         0        
   0         0         0        
  
ACTUATOR_FORCE
  
QFRC_ACTUATOR
   0        
   0        
   0        
   0        
   0        
   0        
   0        
   0        
   0        
   0        
   0        
   0        
   0        
   0        
   0        
   0        
   0        
   0        
  
QFRC_UNC
  -7.4e-07  
  -8.6e-06  
  -90       
  -0.012    
   3.3e-06  
  -5.3e-06  
   0.13     
   0.4      
   1e-06    
  -0.022    
   0.086    
   0.12     
   0.41     
  -4e-05    
  -0.023    
   0.086    
   1.5e-05  
   2.1e-05  
  
QACC_UNC
   8.8e-06  
  -5e-06    
  -9.8      
   0.00013  
   0.00025  
   0.0016   
   0.022    
   0.028    
  -0.0004   
  -0.0058   
   0.011    
   0.018    
   0.025    
  -0.0042   
  -0.0014   
   0.0071   
   0.0012   
   0.0016   
  
EFC_B
   0.012    
  -0.2      
   0.15     
   0.014    
  -0.24     
  -0.18     
  -9.8      
  -9.8      
  -9.8      
  -9.8      
  -9.8      
  -9.8      
  -9.8      
  -9.8      
  -9.8      
  -9.8      
  -9.8      
  -9.8      
  -9.8      
  -9.8      
  -9.8      
  -9.8      
  -9.8      
  -9.8      
  -9.8      
  -9.8      
  -10       
  -10       
  -10       
  -10       
  -10       
  -10       
  -10       
  -10       
  -0.18     
  -0.17     
  -0.17     
  -0.18     
  -0.17     
  -0.17     
  -0.16     
  -0.17     
  
EFC_FORCE
   0.019    
  -0.31     
  -0.65     
   0.0082   
  -0.14     
   0.29     
   0.55     
   0.47     
   0.42     
   0.6      
   0.68     
   0.59     
   0.55     
   0.73     
   0.54     
   0.45     
   0.41     
   0.59     
   0.91     
   0.9      
   0.79     
   1        
   0.9      
   0.88     
   0.78     
   1        
   8.5      
   11       
   9.9      
   9.4      
   8.2      
   11       
   9.6      
   9.2      
   1.8      
   1.9      
   1.9      
   1.7      
   1.7      
   1.8      
   1.8      
   1.7      
  
EFC_STATE
  1 
  1 
  1 
  1 
  1 
  1 
  1 
  1 
  1 
  1 
  1 
  1 
  1 
  1 
  1 
  1 
  1 
  1 
  1 
  1 
  1 
  1 
  1 
  1 
  1 
  1 
  1 
  1 
  1 
  1 
  1 
  1 
  1 
  1 
  1 
  1 
  1 
  1 
  1 
  1 
  1 
  1 
  
QFRC_CONSTRAINT
   0.0056   
  -2.7      
   90       
   0.072    
   0.0027   
  -0.0085   
  -0.11     
  -0.4      
   0.012    
   0.014    
  -0.078    
  -0.13     
  -0.4      
  -0.018    
   0.028    
  -0.092    
   0.013    
   0.013    
  
QFRC_INVERSE
   0        
   0        
   0        
   0        
   0        
   0        
   0        
   0        
   0        
   0        
   0        
   0        
   0        
   0        
   0        
   0        
   0        
   0        
  
CACC
   0         0         0         0         0         0        
   0         0         0         0         0         0        
   0         0         0         0         0         0        
   0         0         0         0         0         0        
   0         0         0         0         0         0        
   0         0         0         0         0         0        
   0         0         0         0         0         0        
   0         0         0         0         0         0        
   0         0         0         0         0         0        
   0         0         0         0         0         0        
   0         0         0         0         0         0        
   0         0         0         0         0         0        
   0         0         0         0         0         0        
   0         0         0         0         0         0        
  
CFRC_INT
   0         0         0         0         0         0        
   0         0         0         0         0         0        
   0         0         0         0         0         0        
   0         0         0         0         0         0        
   0         0         0         0         0         0        
   0         0         0         0         0         0        
   0         0         0         0         0         0        
   0         0         0         0         0         0        
   0         0         0         0         0         0        
   0         0         0         0         0         0        
   0         0         0         0         0         0        
   0         0         0         0         0         0        
   0         0         0         0         0         0        
   0         0         0         0         0         0        
  
CFRC_EXT
   0         0         0         0         0         0        
   0         0         0         0         0         0        
   0         0         0         0         0         0        
   0         0         0         0         0         0        
   0         0         0         0         0         0        
   0         0         0         0         0         0        
   0         0         0         0         0         0        
   0         0         0         0         0         0        
   0         0         0         0         0         0        
   0         0         0         0         0         0        
   0         0         0         0         0         0        
   0         0         0         0         0         0        
   0         0         0         0         0         0        
   0         0         0         0         0         0        
  
